7843	7849	7852	7851	7850	7852	7860	7862	7867	7871	7874	7876	7874	7872	7873	7875	7875	7877	7874	7873	7871	7872	7872	7880	7881	7888	7890	7892	7892	7893	7889	7888	7891	7891	7893	7890	7891	7890	7891	7894	7896	7901	7900	7902	7900	7898	7900	7900	7898	7902	7903	7905	7907	7911	7909	7911	7905	7904	7899	
7845	7846	7857	7860	7855	7859	7858	7861	7876	7882	7885	7886	7881	7878	7872	7877	7881	7884	7884	7874	7873	7876	7874	7890	7894	7894	7901	7899	7895	7893	7893	7893	7892	7899	7899	7894	7892	7892	7893	7897	7899	7902	7901	7902	7899	7904	7903	7900	7905	7902	7905	7906	7909	7907	7911	7910	7908	7907	7906	
7842	7846	7860	7858	7858	7856	7858	7862	7880	7880	7883	7884	7883	7878	7874	7881	7878	7882	7885	7881	7877	7878	7877	7884	7895	7898	7902	7895	7896	7893	7893	7892	7899	7896	7898	7895	7896	7892	7897	7899	7901	7903	7902	7903	7907	7903	7907	7904	7901	7903	7905	7908	7909	7913	7911	7915	7913	7913	7911	
7846	7845	7847	7860	7856	7856	7858	7865	7882	7885	7883	7884	7882	7880	7878	7879	7883	7886	7882	7883	7873	7875	7880	7877	7895	7898	7899	7898	7897	7898	7894	7898	7900	7899	7896	7895	7896	7894	7894	7900	7902	7904	7904	7908	7907	7903	7904	7903	7902	7904	7908	7909	7909	7910	7911	7917	7916	7916	7914	
7843	7844	7854	7856	7857	7851	7854	7866	7875	7881	7883	7880	7875	7881	7882	7883	7878	7885	7884	7876	7874	7875	7881	7886	7896	7893	7895	7894	7895	7893	7892	7889	7893	7897	7896	7895	7896	7896	7900	7898	7902	7906	7905	7904	7902	7908	7904	7905	7905	7906	7907	7906	7909	7910	7912	7915	7916	7914	7915	
7847	7847	7857	7858	7860	7855	7855	7864	7881	7885	7888	7880	7880	7881	7885	7884	7885	7886	7889	7883	7879	7882	7882	7884	7897	7898	7896	7899	7899	7894	7892	7893	7899	7896	7897	7895	7894	7894	7898	7900	7902	7903	7904	7908	7908	7911	7911	7907	7907	7909	7909	7909	7913	7911	7917	7919	7916	7918	7921	
7841	7844	7854	7858	7858	7855	7854	7854	7872	7879	7884	7884	7881	7879	7884	7885	7883	7885	7890	7880	7878	7876	7882	7885	7899	7897	7899	7899	7897	7896	7893	7893	7896	7893	7891	7895	7894	7893	7893	7900	7897	7901	7902	7906	7905	7911	7908	7910	7909	7910	7908	7911	7912	7913	7912	7921	7921	7923	7919	
7841	7842	7861	7864	7861	7855	7855	7859	7884	7886	7886	7881	7880	7880	7881	7884	7888	7891	7889	7888	7883	7880	7881	7886	7897	7899	7905	7900	7898	7894	7892	7892	7896	7893	7892	7895	7897	7896	7897	7902	7903	7902	7906	7907	7909	7912	7911	7911	7909	7914	7913	7913	7915	7920	7920	7922	7920	7923	7923	
7838	7840	7861	7863	7861	7854	7856	7860	7881	7882	7883	7882	7881	7880	7882	7880	7888	7890	7892	7891	7886	7872	7873	7888	7895	7897	7902	7900	7896	7891	7890	7893	7892	7892	7890	7890	7891	7894	7897	7901	7898	7903	7907	7909	7909	7910	7910	7913	7910	7911	7914	7916	7915	7919	7919	7921	7919	7922	7923	
7838	7844	7858	7863	7858	7857	7856	7856	7876	7878	7880	7880	7880	7878	7878	7880	7886	7889	7892	7888	7876	7874	7871	7878	7890	7895	7898	7898	7895	7891	7886	7890	7896	7894	7892	7893	7892	7892	7895	7898	7903	7907	7917	7915	7918	7919	7914	7917	7915	7916	7916	7917	7920	7921	7922	7924	7921	7927	7926	
7835	7844	7863	7865	7865	7858	7860	7866	7876	7881	7884	7883	7882	7882	7879	7881	7885	7887	7887	7885	7882	7875	7875	7885	7894	7897	7901	7896	7899	7893	7890	7889	7897	7898	7896	7892	7893	7897	7899	7901	7908	7932	7965	7959	7953	7947	7940	7937	7935	7935	7936	7933	7934	7928	7930	7927	7929	7931	7930	
7830	7831	7852	7869	7867	7867	7859	7859	7871	7883	7883	7882	7881	7880	7875	7881	7887	7883	7884	7882	7878	7872	7878	7877	7893	7889	7897	7898	7892	7891	7891	7890	7891	7894	7895	7891	7891	7894	7902	7903	7917	7977	8071	8077	8072	8057	8038	8020	8006	7988	7975	7964	7956	7953	7949	7945	7947	7944	7944	
7824	7823	7852	7861	7868	7855	7855	7855	7868	7875	7882	7878	7875	7871	7876	7876	7878	7884	7884	7880	7874	7871	7869	7874	7882	7889	7894	7891	7890	7888	7887	7889	7887	7890	7887	7890	7890	7894	7897	7900	7916	7995	8107	8118	8120	8120	8118	8111	8103	8103	8093	8086	8062	8050	8025	8009	7992	7980	7969	
7825	7822	7849	7866	7864	7855	7851	7852	7867	7872	7879	7879	7873	7874	7875	7871	7874	7882	7881	7879	7872	7868	7869	7868	7887	7895	7893	7895	7892	7886	7885	7887	7891	7887	7884	7888	7888	7891	7898	7903	7923	8025	8142	8158	8159	8162	8155	8149	8147	8140	8140	8142	8142	8130	8132	8125	8116	8107	8093	
7827	7835	7868	7865	7860	7855	7856	7852	7871	7880	7884	7879	7873	7875	7870	7873	7877	7882	7884	7876	7875	7870	7868	7869	7889	7892	7895	7894	7891	7890	7889	7889	7885	7886	7886	7885	7887	7892	7896	7902	7924	8053	8179	8196	8210	8202	8200	8191	8185	8179	8181	8176	8178	8171	8174	8173	8167	8168	8166	
7831	7829	7857	7862	7864	7865	7854	7854	7870	7874	7883	7880	7880	7872	7871	7872	7875	7882	7884	7882	7877	7867	7863	7869	7888	7887	7897	7892	7895	7886	7886	7888	7884	7890	7886	7887	7887	7891	7895	7903	7926	8094	8229	8248	8251	8246	8241	8236	8230	8224	8219	8217	8215	8213	8213	8209	8205	8211	8205	
7833	7831	7857	7865	7867	7854	7849	7846	7864	7872	7880	7878	7878	7876	7873	7870	7875	7879	7883	7881	7875	7869	7868	7874	7875	7887	7889	7890	7887	7888	7884	7885	7887	7888	7886	7887	7886	7893	7894	7906	7933	8151	8298	8312	8308	8298	8294	8287	8287	8285	8281	8271	8260	8257	8252	8252	8249	8253	8253	
7834	7832	7856	7861	7856	7856	7852	7848	7857	7866	7870	7877	7876	7873	7872	7869	7874	7877	7880	7881	7879	7868	7867	7871	7878	7890	7889	7888	7891	7887	7885	7883	7889	7891	7886	7889	7887	7889	7898	7904	7937	8201	8345	8361	8362	8363	8356	8352	8347	8346	8345	8335	8328	8321	8316	8313	8314	8309	8308	
7826	7833	7853	7855	7855	7849	7845	7842	7855	7866	7877	7876	7875	7866	7867	7863	7868	7875	7874	7874	7871	7866	7861	7864	7881	7882	7889	7884	7884	7880	7881	7885	7887	7884	7888	7884	7881	7884	7891	7904	7940	8196	8324	8351	8365	8375	8381	8386	8389	8394	8395	8389	8387	8380	8379	8374	8368	8366	8367	
7828	7829	7848	7858	7865	7861	7856	7844	7859	7877	7876	7878	7875	7869	7867	7867	7872	7873	7876	7875	7870	7868	7865	7863	7881	7884	7889	7886	7884	7882	7881	7882	7888	7886	7885	7886	7883	7886	7893	7905	7942	8200	8301	8314	8321	8327	8324	8332	8344	8356	8365	8373	8382	8386	8388	8400	8406	8408	8408	
7834	7845	7859	7862	7872	7866	7860	7850	7869	7873	7880	7879	7880	7873	7873	7874	7878	7881	7882	7877	7877	7872	7869	7867	7886	7888	7891	7887	7889	7886	7885	7886	7890	7889	7891	7886	7888	7894	7899	7913	7956	8218	8312	8327	8327	8332	8332	8328	8334	8347	8346	8346	8347	8356	8347	8353	8358	8361	8369	
7839	7839	7866	7870	7869	7870	7854	7848	7856	7877	7878	7879	7882	7877	7874	7876	7877	7882	7884	7882	7880	7873	7871	7866	7880	7888	7893	7894	7893	7885	7885	7889	7891	7890	7889	7890	7889	7890	7899	7909	7964	8233	8324	8335	8338	8345	8339	8333	8342	8348	8349	8355	8355	8354	8358	8361	8365	8364	8368	
7836	7836	7866	7868	7867	7860	7857	7848	7868	7874	7878	7876	7875	7875	7872	7872	7876	7880	7881	7883	7878	7875	7868	7868	7878	7883	7891	7893	7890	7887	7886	7889	7887	7889	7891	7891	7886	7889	7897	7911	7970	8249	8325	8340	8344	8345	8345	8340	8344	8350	8359	8362	8364	8364	8359	8362	8370	8378	8385	
7831	7833	7862	7869	7872	7858	7854	7848	7853	7862	7875	7880	7877	7873	7869	7868	7869	7879	7881	7882	7878	7872	7865	7868	7876	7886	7892	7889	7891	7887	7886	7885	7890	7887	7885	7890	7889	7891	7897	7911	7981	8259	8323	8338	8344	8349	8347	8347	8347	8358	8369	8368	8369	8369	8367	8372	8385	8383	8390	
7836	7833	7860	7871	7869	7866	7861	7846	7864	7869	7876	7877	7879	7879	7873	7869	7872	7874	7879	7878	7877	7871	7865	7866	7876	7886	7889	7890	7890	7889	7889	7889	7888	7887	7888	7889	7889	7889	7898	7916	7992	8267	8325	8341	8347	8346	8349	8355	8362	8368	8368	8364	8375	8372	8379	8379	8383	8388	8387	
7833	7833	7859	7864	7868	7865	7856	7848	7856	7863	7878	7881	7879	7874	7872	7869	7872	7874	7875	7878	7874	7869	7868	7865	7875	7880	7888	7891	7891	7887	7887	7888	7887	7888	7886	7888	7886	7884	7894	7911	8005	8280	8335	8347	8360	8359	8351	8355	8361	8370	8371	8376	8381	8384	8378	8374	8384	8384	8391	
7839	7839	7861	7867	7869	7862	7858	7845	7845	7866	7882	7885	7876	7873	7872	7868	7870	7875	7882	7882	7878	7868	7865	7863	7873	7879	7891	7887	7891	7884	7885	7887	7889	7884	7885	7885	7886	7887	7893	7914	8021	8292	8338	8357	8369	8369	8358	8362	8370	8377	8377	8385	8391	8387	8380	8382	8388	8393	8396	
7839	7845	7857	7867	7871	7865	7859	7845	7856	7863	7879	7880	7878	7870	7871	7871	7872	7875	7878	7880	7880	7869	7864	7862	7870	7879	7891	7891	7888	7887	7884	7886	7887	7886	7886	7887	7883	7886	7891	7919	8043	8307	8354	8366	8378	8378	8373	8375	8383	8386	8391	8392	8395	8396	8392	8393	8395	8402	8399	
7839	7839	7855	7867	7871	7868	7862	7847	7853	7859	7876	7875	7876	7872	7865	7869	7869	7869	7877	7882	7880	7865	7861	7862	7866	7883	7891	7890	7888	7883	7883	7882	7886	7883	7884	7884	7880	7883	7891	7914	8060	8318	8364	8378	8382	8385	8381	8388	8394	8397	8400	8406	8408	8407	8406	8405	8406	8404	8408	
7835	7831	7858	7868	7870	7867	7865	7845	7855	7859	7877	7872	7875	7866	7869	7866	7868	7870	7876	7882	7877	7869	7864	7864	7872	7875	7879	7887	7884	7886	7883	7883	7884	7886	7881	7883	7879	7881	7889	7914	8084	8328	8372	8386	8396	8399	8402	8400	8401	8409	8411	8411	8415	8418	8414	8417	8424	8417	8419	
7834	7835	7852	7858	7860	7863	7856	7843	7848	7862	7873	7873	7874	7867	7867	7865	7867	7868	7869	7877	7876	7876	7866	7862	7868	7874	7883	7884	7886	7887	7883	7887	7887	7877	7880	7882	7879	7880	7889	7914	8115	8354	8392	8403	8413	8417	8418	8419	8418	8421	8427	8433	8430	8427	8433	8436	8442	8433	8434	
7830	7828	7845	7852	7867	7860	7856	7843	7841	7866	7869	7877	7871	7864	7869	7862	7865	7865	7876	7876	7874	7873	7862	7859	7862	7872	7884	7888	7884	7882	7881	7878	7880	7880	7878	7880	7875	7876	7882	7910	8148	8381	8422	8430	8433	8436	8429	8433	8436	8437	8436	8438	8441	8439	8442	8449	8455	8453	8452	
7822	7827	7852	7861	7864	7865	7859	7845	7843	7851	7870	7877	7873	7870	7870	7864	7866	7865	7870	7870	7874	7869	7862	7857	7860	7874	7885	7886	7882	7886	7883	7879	7876	7877	7882	7881	7878	7877	7888	7912	8145	8337	8380	8393	8410	8414	8417	8430	8440	8447	8452	8455	8466	8468	8481	8492	8493	8494	8488	
7830	7827	7857	7871	7871	7878	7873	7854	7851	7865	7885	7882	7883	7880	7876	7871	7874	7874	7881	7883	7884	7877	7869	7867	7871	7885	7895	7898	7895	7891	7887	7886	7886	7887	7891	7886	7884	7884	7892	7914	8050	8153	8183	8207	8230	8245	8259	8275	8291	8304	8312	8318	8331	8340	8357	8373	8393	8400	8412	
7831	7832	7856	7861	7870	7880	7869	7856	7851	7862	7880	7889	7886	7880	7877	7868	7866	7877	7877	7880	7879	7872	7866	7862	7864	7876	7892	7892	7891	7889	7883	7882	7885	7889	7884	7887	7880	7883	7886	7896	7915	7932	7943	7946	7958	7960	7971	7981	7989	8001	8012	8026	8040	8058	8080	8099	8121	8142	8157	
7831	7833	7853	7866	7878	7869	7864	7852	7849	7861	7883	7886	7883	7880	7881	7868	7873	7872	7882	7885	7885	7878	7873	7863	7865	7875	7890	7895	7890	7887	7882	7882	7885	7885	7886	7886	7886	7880	7883	7888	7895	7895	7897	7901	7904	7907	7910	7910	7915	7918	7921	7926	7925	7934	7939	7942	7949	7949	7954	
7851	7853	7870	7881	7896	7890	7885	7866	7868	7872	7889	7897	7905	7892	7889	7881	7879	7880	7886	7890	7896	7889	7875	7870	7875	7879	7896	7899	7896	7893	7891	7886	7889	7890	7891	7894	7887	7884	7885	7883	7887	7889	7892	7891	7888	7889	7892	7891	7894	7897	7897	7902	7904	7906	7909	7911	7913	7915	7917	
7877	7888	7903	7914	7915	7901	7898	7881	7882	7872	7901	7910	7911	7898	7894	7880	7885	7884	7896	7904	7904	7891	7884	7866	7880	7888	7902	7906	7904	7894	7896	7888	7892	7887	7887	7878	7864	7856	7855	7851	7847	7846	7847	7846	7848	7851	7848	7850	7850	7855	7854	7854	7863	7864	7865	7864	7868	7874	7873	
7870	7872	7908	7922	7938	7934	7914	7892	7893	7901	7921	7920	7925	7921	7921	7902	7909	7909	7918	7919	7931	7922	7909	7895	7909	7923	7932	7929	7928	7929	7930	7923	7923	7925	7910	7881	7872	7862	7844	7822	7809	7802	7797	7797	7797	7803	7798	7796	7803	7800	7803	7805	7808	7804	7807	7812	7818	7816	7822	
7873	7877	7898	7917	7933	7934	7915	7896	7899	7902	7927	7934	7933	7931	7930	7925	7921	7923	7930	7937	7940	7930	7929	7919	7923	7937	7948	7955	7956	7955	7953	7949	7947	7947	7945	7940	7940	7923	7881	7823	7804	7798	7796	7794	7793	7794	7798	7794	7795	7798	7797	7797	7801	7801	7803	7808	7814	7810	7811	
7874	7891	7915	7917	7924	7926	7923	7905	7894	7903	7924	7934	7935	7928	7930	7925	7926	7927	7936	7940	7943	7941	7942	7926	7933	7941	7959	7966	7964	7964	7959	7958	7958	7955	7954	7952	7951	7933	7882	7824	7803	7797	7795	7793	7796	7798	7797	7797	7797	7799	7797	7799	7806	7805	7812	7809	7810	7811	7812	
7873	7887	7913	7919	7928	7928	7926	7911	7898	7892	7920	7929	7938	7930	7934	7931	7925	7928	7935	7941	7941	7944	7941	7930	7937	7944	7962	7969	7970	7969	7965	7959	7959	7960	7960	7955	7950	7933	7873	7822	7801	7797	7796	7794	7796	7797	7796	7799	7798	7801	7801	7803	7801	7807	7809	7807	7814	7815	7813	
7876	7883	7911	7914	7927	7929	7925	7903	7896	7899	7923	7941	7941	7932	7934	7930	7932	7931	7937	7944	7948	7945	7942	7934	7943	7950	7968	7975	7977	7966	7966	7963	7964	7965	7967	7966	7952	7920	7867	7821	7801	7799	7800	7800	7800	7798	7799	7801	7802	7805	7804	7803	7804	7806	7812	7813	7817	7820	7819	
7872	7882	7896	7910	7912	7912	7913	7904	7895	7904	7926	7937	7939	7932	7930	7931	7931	7926	7940	7945	7950	7948	7948	7929	7935	7947	7966	7975	7977	7968	7962	7961	7963	7965	7969	7966	7948	7910	7868	7830	7814	7813	7812	7809	7809	7813	7813	7815	7817	7816	7815	7812	7814	7820	7824	7825	7829	7833	7830	
7870	7877	7899	7907	7923	7907	7916	7902	7891	7893	7920	7931	7932	7932	7930	7918	7926	7923	7939	7936	7944	7951	7943	7930	7933	7946	7968	7973	7977	7968	7964	7959	7963	7963	7958	7961	7943	7912	7878	7845	7835	7830	7832	7829	7830	7828	7832	7832	7831	7829	7830	7828	7832	7837	7839	7840	7839	7843	7844	
7868	7876	7888	7903	7915	7921	7907	7903	7880	7892	7915	7922	7936	7932	7934	7921	7924	7921	7936	7940	7948	7947	7937	7930	7932	7946	7968	7975	7976	7969	7965	7963	7961	7960	7960	7958	7944	7916	7885	7856	7845	7841	7839	7843	7841	7843	7843	7840	7840	7839	7842	7839	7841	7845	7843	7850	7850	7851	7847	
7870	7872	7894	7892	7916	7920	7922	7897	7882	7884	7907	7928	7938	7932	7932	7921	7923	7924	7936	7943	7947	7950	7949	7934	7941	7951	7974	7980	7980	7975	7966	7966	7964	7962	7958	7959	7940	7913	7886	7856	7849	7844	7844	7846	7846	7845	7843	7843	7844	7842	7844	7840	7848	7847	7848	7851	7853	7852	7847	
7875	7874	7903	7905	7923	7921	7922	7901	7893	7890	7914	7926	7940	7930	7931	7921	7926	7926	7931	7940	7961	7963	7959	7946	7946	7963	7987	7991	7990	7987	7978	7971	7973	7969	7968	7966	7940	7916	7879	7858	7845	7846	7843	7849	7848	7845	7845	7845	7843	7844	7844	7847	7849	7850	7849	7854	7855	7853	7848	
7878	7879	7894	7905	7927	7926	7927	7900	7904	7896	7920	7932	7947	7936	7934	7926	7931	7932	7945	7954	7971	7972	7972	7964	7967	7981	8011	8019	8015	8008	7995	7986	7985	7980	7975	7978	7951	7915	7876	7852	7847	7843	7845	7841	7843	7840	7844	7842	7836	7838	7843	7839	7843	7845	7847	7851	7855	7852	7852	
7882	7888	7916	7910	7933	7932	7931	7911	7903	7904	7919	7934	7951	7943	7942	7931	7944	7947	7963	7967	7985	7990	8001	7995	8001	8008	8038	8044	8048	8033	8025	8007	8004	7991	7995	7982	7958	7916	7873	7848	7841	7839	7835	7833	7837	7833	7835	7830	7832	7836	7834	7836	7837	7834	7839	7844	7850	7849	7849	
7895	7902	7935	7924	7951	7942	7945	7925	7921	7906	7929	7959	7969	7958	7968	7944	7953	7958	7971	7985	8010	8025	8027	8024	8039	8047	8076	8083	8087	8061	8048	8041	8033	8022	8020	8011	7971	7919	7873	7843	7838	7834	7832	7826	7827	7828	7829	7830	7828	7828	7830	7834	7830	7832	7832	7837	7836	7843	7841	
7909	7920	7939	7942	7961	7960	7967	7949	7941	7925	7945	7964	7977	7978	7976	7971	7969	7972	7983	8005	8026	8040	8051	8054	8060	8071	8088	8102	8101	8084	8071	8055	8047	8039	8034	8026	7986	7928	7868	7841	7831	7831	7826	7824	7824	7824	7825	7826	7823	7825	7825	7828	7826	7830	7832	7830	7834	7834	7840	
7919	7924	7938	7945	7965	7966	7962	7957	7942	7929	7959	7978	7985	7990	7980	7978	7982	7985	7990	8000	8015	8020	8024	8007	8007	8018	8048	8056	8057	8048	8039	8027	8023	8017	8017	8013	7997	7945	7884	7854	7851	7843	7838	7838	7834	7835	7833	7834	7834	7834	7834	7837	7839	7838	7840	7843	7841	7845	7848	
7936	7942	7946	7954	7960	7964	7973	7966	7946	7950	7959	7976	7997	8004	8002	7996	7992	7990	7995	7999	8018	8021	8022	8004	8006	8007	8038	8051	8055	8044	8035	8028	8026	8024	8019	8021	8009	7957	7889	7864	7853	7848	7846	7838	7840	7841	7840	7841	7844	7841	7843	7843	7843	7844	7846	7849	7851	7853	7852	
7941	7950	7955	7962	7976	7980	7979	7967	7957	7948	7971	7993	8007	8009	8008	7997	7996	7991	7997	8004	8021	8023	8024	8002	8004	8008	8033	8049	8053	8045	8037	8026	8027	8024	8025	8020	8013	7962	7888	7863	7850	7846	7848	7842	7840	7843	7844	7847	7845	7847	7846	7848	7850	7849	7850	7850	7855	7857	7860	
7990	8000	8000	8018	8031	8037	8044	8032	8014	8003	8029	8044	8062	8063	8057	8047	8046	8045	8049	8053	8068	8071	8076	8057	8052	8058	8081	8091	8097	8093	8087	8079	8074	8072	8070	8070	8060	7999	7936	7916	7908	7905	7900	7897	7899	7899	7900	7899	7898	7903	7902	7902	7906	7909	7907	7912	7910	7912	7913	
7923	7936	7946	7962	7967	7974	7979	7969	7964	7937	7952	7980	8003	7999	7998	7989	7983	7983	7990	7994	8009	8008	8022	7989	7980	7983	8009	8013	8028	8019	7998	7986	7982	7980	7980	7972	7965	7935	7892	7873	7864	7860	7856	7856	7854	7856	7853	7854	7855	7858	7854	7856	7858	7858	7860	7862	7866	7869	7868	
7855	7859	7871	7883	7900	7900	7911	7901	7893	7857	7885	7914	7959	7952	7949	7919	7927	7909	7916	7911	7938	7942	7943	7917	7911	7891	7932	7939	7948	7938	7929	7913	7906	7904	7905	7901	7901	7897	7879	7872	7864	7859	7860	7857	7858	7855	7857	7857	7856	7862	7865	7864	7859	7860	7866	7864	7863	7869	7869	
7839	7844	7857	7859	7886	7877	7895	7877	7881	7851	7871	7890	7929	7924	7918	7898	7897	7894	7892	7889	7910	7910	7912	7890	7878	7862	7910	7918	7924	7913	7905	7894	7893	7892	7891	7890	7888	7897	7882	7874	7874	7870	7870	7869	7870	7867	7865	7869	7869	7870	7871	7873	7870	7868	7870	7874	7875	7875	7871	
7829	7814	7839	7842	7871	7881	7889	7881	7878	7843	7842	7885	7913	7914	7908	7890	7887	7884	7883	7884	7903	7905	7904	7890	7871	7857	7886	7904	7915	7909	7897	7889	7886	7887	7884	7882	7884	7889	7881	7877	7877	7873	7874	7870	7872	7874	7872	7869	7870	7870	7871	7871	7870	7872	7872	7872	7876	7874	7872	
7831	7838	7847	7843	7863	7875	7885	7876	7868	7835	7853	7872	7908	7908	7902	7883	7885	7874	7876	7876	7897	7903	7901	7886	7867	7853	7893	7902	7907	7904	7895	7884	7880	7881	7880	7881	7883	7884	7880	7878	7874	7873	7874	7874	7873	7873	7874	7873	7874	7869	7872	7872	7873	7872	7871	7874	7875	7872	7876	
7840	7841	7848	7852	7861	7858	7870	7876	7852	7834	7842	7872	7903	7904	7901	7882	7876	7872	7877	7876	7882	7894	7899	7875	7863	7845	7879	7891	7908	7901	7894	7880	7882	7881	7880	7881	7879	7882	7877	7881	7879	7872	7877	7874	7876	7875	7872	7873	7874	7874	7874	7871	7875	7871	7875	7876	7873	7880	7879	
7840	7842	7838	7839	7853	7851	7869	7865	7859	7831	7839	7858	7893	7904	7901	7883	7873	7869	7871	7870	7888	7892	7892	7878	7860	7844	7873	7903	7910	7901	7888	7879	7874	7880	7877	7880	7878	7879	7878	7878	7879	7877	7875	7874	7874	7873	7872	7871	7867	7872	7875	7872	7873	7873	7875	7870	7874	7876	7874	
7838	7829	7838	7840	7841	7858	7865	7868	7861	7833	7835	7869	7905	7904	7900	7878	7875	7869	7869	7872	7886	7896	7894	7876	7856	7844	7869	7891	7907	7897	7885	7877	7875	7872	7873	7878	7875	7875	7871	7872	7874	7875	7875	7871	7871	7871	7872	7872	7868	7869	7874	7868	7871	7873	7871	7870	7870	7872	7874	
7830	7827	7832	7835	7846	7855	7869	7864	7857	7836	7835	7856	7902	7909	7905	7882	7875	7870	7869	7868	7886	7893	7896	7881	7865	7845	7875	7896	7907	7904	7888	7876	7873	7871	7876	7875	7877	7876	7876	7874	7876	7875	7874	7874	7874	7871	7868	7869	7870	7872	7872	7867	7870	7870	7870	7871	7870	7872	7873	
7819	7822	7829	7829	7843	7855	7859	7857	7851	7828	7825	7836	7898	7904	7903	7874	7870	7868	7865	7867	7878	7890	7891	7883	7863	7836	7854	7879	7902	7896	7887	7868	7867	7862	7869	7867	7870	7875	7869	7869	7868	7870	7870	7866	7865	7864	7864	7860	7866	7864	7863	7865	7863	7862	7865	7864	7868	7871	7867	
7823	7821	7825	7823	7829	7838	7853	7856	7854	7823	7824	7831	7899	7902	7902	7881	7870	7865	7864	7867	7876	7890	7886	7877	7864	7837	7852	7876	7900	7894	7887	7866	7864	7863	7863	7865	7870	7868	7870	7871	7870	7869	7869	7866	7862	7861	7862	7860	7862	7862	7861	7864	7862	7865	7859	7863	7865	7866	7865	
7823	7828	7828	7825	7835	7834	7850	7860	7859	7827	7827	7840	7895	7907	7899	7887	7868	7858	7860	7857	7867	7888	7886	7883	7867	7834	7855	7882	7903	7899	7886	7868	7867	7863	7865	7865	7867	7869	7872	7870	7870	7870	7869	7866	7862	7866	7863	7858	7860	7860	7865	7864	7864	7864	7864	7865	7865	7865	7865	
7821	7819	7820	7821	7831	7835	7848	7859	7857	7827	7827	7837	7890	7904	7904	7879	7871	7856	7855	7857	7878	7884	7889	7878	7863	7835	7841	7884	7900	7900	7889	7865	7862	7860	7859	7861	7868	7866	7867	7867	7868	7865	7863	7864	7861	7865	7859	7859	7858	7856	7857	7859	7858	7861	7862	7865	7861	7861	7865	
7821	7819	7816	7820	7822	7823	7851	7853	7849	7829	7820	7826	7890	7907	7905	7872	7867	7854	7852	7857	7864	7883	7890	7880	7858	7829	7829	7874	7902	7898	7886	7862	7855	7854	7858	7859	7865	7866	7862	7866	7867	7864	7862	7861	7860	7860	7857	7853	7852	7854	7854	7860	7854	7855	7856	7859	7860	7860	7860	
7817	7816	7817	7819	7820	7814	7849	7851	7851	7816	7809	7827	7877	7896	7909	7887	7861	7855	7849	7854	7866	7887	7893	7881	7857	7827	7827	7868	7900	7897	7888	7860	7856	7851	7858	7861	7864	7864	7866	7865	7863	7860	7860	7859	7858	7856	7854	7853	7852	7850	7858	7857	7856	7855	7855	7859	7857	7858	7859	
7814	7815	7814	7810	7811	7814	7839	7844	7845	7806	7804	7810	7886	7905	7906	7882	7862	7848	7852	7851	7855	7879	7894	7879	7858	7825	7822	7856	7897	7898	7886	7854	7851	7847	7850	7856	7859	7860	7859	7860	7856	7855	7857	7851	7852	7853	7848	7851	7849	7849	7850	7851	7851	7852	7852	7849	7851	7853	7852	
7817	7817	7816	7811	7811	7813	7835	7839	7842	7814	7804	7806	7878	7908	7905	7880	7875	7854	7853	7851	7865	7874	7894	7881	7867	7823	7824	7865	7902	7896	7877	7855	7848	7846	7850	7855	7861	7861	7857	7856	7857	7858	7855	7852	7852	7849	7848	7849	7845	7845	7847	7842	7845	7850	7849	7849	7852	7850	7850	
7816	7817	7812	7811	7808	7811	7824	7843	7843	7818	7806	7805	7874	7905	7904	7885	7874	7854	7849	7850	7864	7877	7895	7888	7859	7821	7819	7859	7899	7897	7885	7849	7846	7842	7846	7849	7857	7853	7853	7852	7851	7849	7850	7846	7843	7846	7844	7840	7843	7846	7841	7845	7840	7843	7846	7843	7843	7848	7849	
7816	7817	7815	7807	7809	7811	7827	7838	7840	7809	7803	7797	7866	7900	7905	7882	7870	7850	7849	7848	7864	7874	7888	7879	7865	7817	7820	7847	7894	7892	7875	7841	7840	7841	7838	7845	7851	7850	7849	7846	7845	7845	7843	7841	7838	7838	7834	7835	7836	7836	7834	7835	7837	7833	7836	7836	7839	7838	7839	
7815	7817	7817	7805	7808	7815	7828	7834	7833	7814	7794	7787	7872	7903	7904	7877	7868	7846	7847	7849	7857	7866	7883	7879	7870	7821	7823	7833	7894	7893	7871	7843	7836	7839	7840	7848	7847	7849	7845	7844	7844	7841	7840	7837	7837	7832	7835	7832	7836	7832	7833	7831	7834	7835	7834	7835	7836	7834	7836	
7817	7817	7816	7807	7807	7807	7821	7832	7830	7791	7790	7787	7853	7905	7904	7884	7865	7848	7847	7853	7859	7875	7891	7886	7871	7817	7819	7844	7889	7891	7874	7844	7835	7834	7841	7850	7850	7844	7845	7845	7843	7840	7838	7834	7833	7833	7831	7825	7833	7832	7829	7832	7831	7832	7830	7830	7831	7836	7831	
7816	7816	7813	7813	7807	7814	7814	7824	7825	7798	7793	7791	7847	7905	7902	7888	7868	7847	7850	7851	7854	7870	7892	7883	7873	7816	7822	7819	7886	7887	7879	7842	7835	7835	7841	7846	7845	7843	7844	7840	7838	7837	7832	7829	7828	7826	7826	7824	7824	7825	7829	7825	7830	7825	7825	7827	7828	7826	7824	
7809	7808	7807	7807	7806	7808	7814	7812	7813	7794	7796	7793	7835	7881	7888	7886	7869	7855	7852	7854	7854	7865	7873	7869	7854	7822	7823	7825	7875	7874	7869	7842	7839	7839	7834	7836	7834	7836	7838	7834	7834	7832	7829	7827	7821	7822	7821	7823	7818	7822	7821	7821	7823	7818	7820	7822	7821	7820	7821	